[12.jpg]
filters=Holga=1,47.368423,48.538010,19.883041;IR=1,0.000000;
moddate=2629c0533297d101
width=1600
height=756
textactive=0
