[A3.jpg]
moddate=925b2a11f597d101
width=1400
height=800
text=1;142;18;ADMIN REGISTRATION;Garamond;0.108725,0.435484,0.132725,6.021386;v1,4278190080,4278190080,128.000000,1.000000,0.500000,1.000000,400,2,49152;;
textactive=1
[A4.jpg]
filters=crop64=1,21a50000ffffffff;Invert=1;warm=1;sepia=1;CrossProcess=1,0.000000;Sixties=1,54.385967,00ffffff,1;Invert=1;CrossProcess=1,93.567253;
crop=rect64(21a50000ffffffff)
moddate=54af9593f797d101
width=1400
height=706
textactive=0
[13.jpg]
filters=PicnikTint=1,0.000000,ffffe151;TwoTone=1,0.000000,20.000000,50.877197,00004488,00ffff00;
moddate=48754beefa97d101
width=1500
height=912
textactive=0
[13.1.jpg]
filters=crop64=1,150dffa8ffff;
crop=rect64(150dffa8ffff)
moddate=79532be0fc97d101
width=1500
height=912
textactive=0
